1 5
10 15
10 23
100 102
100 108
100 111
100 116
100 120
100 134
101 103
101 109
101 113
102 103
102 105
102 106
102 108
102 133
103 110
103 111
103 128
104 109
104 122
104 145
105 106
105 109
105 110
105 147
106 116
107 136
108 111
108 122
108 124
109 120
109 133
11 23
11 26
11 48
110 131
110 140
111 112
112 120
112 125
112 130
112 132
112 140
112 167
112 172
112 187
113 120
113 125
113 132
113 133
113 134
113 168
113 169
113 175
114 146
115 127
115 132
115 136
115 171
115 183
116 121
116 129
116 136
116 138
117 121
117 126
117 127
117 148
117 164
117 168
117 169
117 171
117 182
117 214
117 226
117 233
118 132
118 136
118 144
12 17
12 23
12 26
12 36
120 128
120 140
120 141
120 163
120 166
120 168
121 122
121 130
121 131
121 134
121 144
121 145
122 144
122 156
122 161
123 128
123 131
123 132
123 134
123 140
123 160
124 149
125 133
125 144
125 214
125 215
126 143
126 146
126 167
127 132
128 130
128 136
128 146
129 130
129 146
13 18
13 35
13 49
130 132
132 133
132 135
132 140
132 189
132 222
132 228
132 230
132 246
133 168
134 143
134 171
134 208
137 144
137 166
138 142
138 144
138 146
139 145
14 19
140 144
140 146
140 187
140 190
141 144
141 166
142 143
142 146
142 147
142 166
143 168
144 147
144 168
145 146
146 147
146 165
147 161
147 192
147 218
147 222
147 225
147 235
148 156
148 158
148 162
148 164
148 170
148 171
148 181
148 182
148 188
149 151
149 152
149 155
149 156
149 157
149 164
149 166
149 167
149 171
149 172
150 155
151 152
151 155
151 160
151 204
152 157
153 164
153 165
153 177
154 164
154 169
154 183
154 193
155 157
155 158
155 181
156 164
156 165
156 179
156 224
157 162
157 169
157 170
157 174
157 199
158 162
16 17
16 33
16 35
16 36
160 164
160 181
161 162
161 169
161 173
161 174
161 178
161 181
161 183
161 188
161 192
161 212
161 218
162 164
162 181
163 176
163 202
163 206
163 215
163 244
163 247
164 165
164 174
164 178
164 182
164 183
164 184
165 171
165 183
165 207
165 219
166 174
166 190
166 207
167 172
167 187
169 180
169 182
169 184
17 23
170 174
170 178
170 180
170 182
171 174
171 181
171 212
171 214
171 218
171 228
171 233
171 238
172 173
172 175
172 203
172 215
172 233
173 235
174 184
174 224
175 179
175 206
176 184
176 193
176 219
178 180
179 182
179 232
179 253
179 254
179 255
180 183
180 206
181 184
181 187
181 198
181 199
181 200
181 202
181 207
181 208
182 206
183 211
187 243
187 245
188 190
188 214
188 215
188 230
188 259
188 264
188 265
188 270
188 271
188 286
188 287
188 298
188 300
188 308
188 309
19 38
19 42
19 74
19 76
190 228
191 215
191 217
192 202
192 212
192 213
192 217
192 247
192 252
192 259
193 198
193 202
193 214
193 244
193 312
194 207
194 244
194 247
195 210
195 218
195 226
195 236
195 237
195 238
195 241
195 248
195 277
195 278
195 291
195 292
195 323
196 209
196 215
196 231
196 232
196 236
196 237
196 239
197 229
197 236
197 239
197 240
197 248
198 222
198 236
198 239
198 248
199 218
199 227
199 228
199 229
199 235
199 236
199 237
2 108
2 39
2 40
2 50
2 70
2 72
200 233
200 240
200 244
201 229
201 235
201 240
201 241
202 206
202 213
202 215
202 232
202 237
202 238
202 240
204 228
204 230
204 247
205 209
205 239
206 210
206 214
206 215
206 231
206 238
207 214
207 226
207 231
207 232
207 235
207 238
207 239
207 241
208 215
208 227
209 227
209 250
209 252
210 214
210 218
210 219
210 229
210 230
210 247
211 215
211 227
212 231
212 244
213 219
213 230
214 224
215 219
215 220
215 244
216 240
216 257
216 261
216 281
216 288
217 221
217 244
218 219
218 221
218 229
218 245
219 222
219 227
219 236
219 238
219 251
221 223
221 230
221 235
221 242
221 249
221 268
221 270
222 244
222 255
223 228
223 233
223 237
223 240
223 243
224 230
224 237
224 240
225 228
225 230
226 230
226 235
226 237
226 238
226 239
226 241
227 228
228 272
228 319
228 321
228 331
228 343
229 230
229 235
229 250
230 239
230 242
230 245
230 260
230 272
230 331
230 334
230 335
230 353
231 244
232 234
232 238
232 251
233 236
233 247
233 248
234 235
234 236
234 239
234 240
235 244
235 247
235 270
235 292
235 294
235 296
235 299
235 313
235 314
237 248
237 250
24 47
24 71
24 73
240 246
242 244
242 245
243 249
244 248
244 252
244 255
244 264
245 250
245 252
247 250
247 287
248 277
249 256
249 294
249 302
25 30
25 32
250 257
252 256
252 257
255 265
257 281
257 287
257 291
257 292
257 295
257 296
257 300
257 312
257 314
258 268
258 281
258 282
258 283
258 284
258 299
258 314
259 281
259 292
259 294
259 295
259 297
259 299
26 32
260 277
260 283
260 285
260 292
260 293
260 294
260 297
260 299
261 268
261 270
261 281
261 290
261 293
261 294
261 296
261 297
261 298
261 300
261 315
262 266
262 283
262 284
262 288
262 295
262 300
262 301
262 314
263 266
263 272
263 288
263 291
263 305
263 307
264 272
264 278
264 281
264 292
264 296
264 299
264 300
264 301
264 308
264 309
265 274
265 281
265 292
265 293
265 296
265 298
265 299
265 301
265 308
265 321
266 267
266 288
266 293
266 294
267 282
267 294
267 298
267 299
268 288
268 292
270 277
270 292
270 294
272 285
272 290
272 291
272 294
272 297
272 305
272 306
272 307
272 314
272 318
272 321
272 324
272 328
272 331
272 338
272 340
272 341
272 371
272 373
272 376
272 377
272 379
272 385
273 286
273 315
274 278
274 309
275 286
275 301
275 308
276 286
277 286
277 308
278 303
278 309
278 315
279 295
279 300
279 308
28 44
28 47
280 281
280 293
280 294
280 297
282 288
282 301
283 296
283 324
284 295
284 305
285 294
285 309
286 315
287 304
288 300
288 303
288 305
289 301
29 44
291 323
292 307
292 312
292 324
293 305
293 309
294 302
295 302
295 314
296 312
296 314
297 299
297 307
298 314
298 318
299 300
299 312
3 12
3 16
3 42
3 5
3 9
30 32
302 311
302 336
303 311
304 306
304 325
305 325
306 320
306 321
306 324
307 319
307 323
308 318
309 314
309 324
310 325
312 323
312 325
315 318
315 325
316 318
317 319
318 341
318 346
318 353
318 371
318 382
318 389
319 325
32 41
32 51
324 325
326 331
326 334
326 354
326 373
327 337
327 338
327 368
327 369
327 371
328 339
328 348
328 383
328 386
329 359
329 366
33 37
33 63
33 69
330 338
330 349
330 363
331 341
331 350
332 336
332 351
332 356
332 357
332 358
332 361
332 373
333 335
333 340
333 344
333 350
333 361
333 363
334 338
334 340
334 360
334 362
335 337
335 342
335 356
335 362
335 367
335 374
335 389
335 404
336 367
337 355
339 344
339 356
339 367
340 365
340 367
340 372
341 354
341 355
341 368
341 372
341 377
341 379
341 382
342 343
342 350
344 351
344 355
344 368
345 364
345 365
345 374
345 387
345 400
346 357
346 369
346 378
346 386
346 394
347 366
348 361
348 368
348 371
349 367
349 368
35 51
351 365
352 355
352 364
353 356
353 359
353 368
353 371
354 364
356 361
356 366
357 364
358 363
359 362
359 363
359 364
359 369
359 376
359 385
36 44
36 51
36 66
361 367
366 367
366 371
367 378
367 386
367 388
367 400
369 371
369 376
37 100
37 43
37 62
37 65
37 71
371 378
371 384
371 388
371 393
371 402
371 403
371 407
372 376
372 400
373 374
373 400
374 379
374 380
374 381
374 386
374 389
374 403
374 408
375 377
375 389
375 400
376 383
378 382
378 386
378 387
379 386
38 100
38 109
38 45
38 51
38 74
38 78
38 95
380 383
381 383
384 389
385 389
385 391
385 400
386 393
386 395
386 400
387 400
389 392
389 408
389 409
389 410
39 41
39 42
39 43
39 45
39 47
39 58
39 64
39 65
39 70
393 399
393 402
396 408
397 399
397 400
397 405
399 407
4 12
4 90
40 51
40 52
40 85
400 409
400 410
401 406
402 405
403 407
404 407
405 406
41 51
41 52
41 55
41 57
42 100
42 105
42 51
42 54
42 56
42 58
42 60
42 62
42 67
42 73
42 77
42 88
42 93
43 105
43 54
43 88
43 93
44 69
44 71
44 73
44 75
44 77
44 78
45 51
45 74
46 50
46 54
47 50
47 51
47 55
47 70
47 73
47 75
47 78
48 50
48 51
48 80
48 81
49 51
5 11
5 16
5 19
5 7
5 9
50 123
50 126
50 133
50 136
50 142
50 143
50 144
50 165
50 169
50 172
50 173
50 175
50 176
50 177
50 179
50 188
50 58
50 74
50 75
51 100
51 117
51 125
51 127
51 133
51 136
51 141
51 143
51 144
51 154
51 164
51 165
51 173
51 176
51 178
51 183
51 188
51 191
51 205
51 240
51 57
51 64
51 65
51 66
51 71
51 72
51 74
54 74
55 63
55 74
55 75
56 112
56 113
56 125
56 74
56 75
56 78
56 81
57 115
57 70
58 113
58 124
58 78
59 76
6 14
60 65
60 78
61 70
63 70
63 75
64 110
64 112
64 113
66 100
66 146
66 152
66 161
66 168
66 72
66 74
67 170
67 181
67 208
67 210
67 211
67 74
67 77
68 80
69 80
69 81
7 37
7 48
7 51
70 106
70 74
70 78
71 105
71 74
71 84
71 97
72 122
72 74
73 115
73 122
73 128
74 102
74 105
74 86
75 94
76 85
78 87
8 15
8 48
80 81
81 119
81 87
81 88
83 87
84 100
84 140
84 142
84 144
84 95
85 100
85 140
85 141
85 150
85 158
85 160
85 161
85 167
86 103
86 91
87 103
87 110
87 116
87 117
87 118
87 94
87 95
88 105
88 121
88 142
88 144
89 103
9 19
9 39
90 102
90 103
90 108
90 109
90 111
90 91
90 97
91 101
91 102
91 118
91 122
91 125
91 94
91 98
93 107
93 118
93 131
93 96
94 102
94 105
94 108
94 110
94 146
94 96
95 109
95 110
95 114
95 122
95 147
95 96
95 97
96 103
96 104
96 105
96 107
96 126
97 108
97 110
99 123
